1.0006999999999824
86364567974.52533
171860180714.11115
256554825975.3751
340514738466.43665
423629890113.70264
506024011223.22955
587589125665.0466
668446656264.9532
748490640569.3123
827784731093.0797
906390939087.6422
984260723139.7635
1061400982452.8748
1137818551595.091
1213467247017.9924
1288407226018.2693
1362697094752.4336
1436239497578.9053
1509092916830.044
1581314326886.4822
1652859129116.6543
1723684084866.3796
1793894628503.325
1863398750273.8247
1932299918271.1475
2000555584201.0066
2068124497224.179
2135060389439.1187
2201369191314.8125
2267102759071.0337
2332220500490.455
2396683061162.796
2460586404004.6704
2523846784744.505
2586558376660.1807
2648682453684.4214
2710181470651.1626
2771146978764.3066
2831499083735.9785
2891285778720.171
2950512360772.425
3009225147524.3247
3067347196842.029
3124924728496.3774
3181962843812.7188
3238506148951.371
3294480544848.1655
3349969358417.6353
3404899872489.388
3459353859991.5176
3513259959875.9966
3566661039309.639
3619598860140.5566
3672004048231.992
3723954617157.115
3775382486556.483
3826328552860.367
3876797329851.369
3926828286196.0796
3976355857155.491
4025453772505.609
4074057690242.237
4122239965134.6157
4169970843353.1245
